%YAML:1.0
calibration_time: "04/22/17 20:42:56"
nframes: 35
image_width: 1920
image_height: 1080
board_width: 6
board_height: 9
square_size: 1.
flags: 0
camera_matrix: !!opencv-matrix
   rows: 3
   cols: 3
   dt: d
   data: [ 1.5927600018138937e+003, 0., 8.4872257262588732e+002, 0.,
       1.5951735951308542e+003, 6.3046749664191350e+002, 0., 0., 1. ]
distortion_coefficients: !!opencv-matrix
   rows: 5
   cols: 1
   dt: d
   data: [ 1.3471329898965409e-001, -2.1039784265054173e+001,
       9.9754497080843038e-003, 8.1273012170157092e-003,
       3.9198933156733057e+002 ]
avg_reprojection_error: 2.5609737100372598e-001
per_view_reprojection_errors: !!opencv-matrix
   rows: 35
   cols: 1
   dt: f
   data: [ 4.60335433e-001, 3.01634401e-001, 2.31019586e-001,
       2.39647120e-001, 2.70178407e-001, 2.30224088e-001,
       3.02467585e-001, 3.71459454e-001, 3.29968512e-001,
       3.26374888e-001, 2.58466661e-001, 2.75717705e-001,
       1.75006554e-001, 2.12081894e-001, 2.37261459e-001,
       2.51344055e-001, 2.53035337e-001, 1.98375016e-001,
       1.91465244e-001, 1.58907577e-001, 1.70431390e-001,
       2.31476620e-001, 1.98857427e-001, 2.17662826e-001,
       2.54053324e-001, 1.91985682e-001, 1.88345298e-001,
       1.99025735e-001, 2.20225319e-001, 2.06569195e-001,
       2.20978275e-001, 2.34187290e-001, 2.40592793e-001,
       2.83281893e-001, 3.58805031e-001 ]
# a set of 6-tuples (rotation vector + translation vector) for each view
extrinsic_parameters: !!opencv-matrix
   rows: 35
   cols: 6
   dt: d
   data: [ 2.3793259370667072e-001, -5.1967747491854073e-002,
       -7.9608320848636019e-002, -2.7958468617207705e-001,
       -3.7766748226626472e+000, 3.8421339668095079e+001,
       2.2573358807035321e-001, -3.6537600660606878e-002,
       -4.7921413649967735e-002, 1.8874067672422098e-001,
       -3.8620610478504536e+000, 3.9746741083317303e+001,
       1.8698955759506231e-001, -1.7204790106761007e-002,
       -4.3950066101933971e-002, 1.7342645381494312e-001,
       -3.8268987327088153e+000, 4.1969344357383534e+001,
       1.3737938037443817e-001, -1.1605890080143538e-002,
       -4.1649606003456907e-002, 2.3676062251893815e-001,
       -3.9438216133270698e+000, 4.3535298362449858e+001,
       1.2624587832109854e-001, 1.9420959073307840e-002,
       -5.6063991777740775e-002, 2.9028258684197561e-001,
       -3.9469894546045614e+000, 4.3775715726740863e+001,
       1.2964287548050737e-001, 1.8128235408843816e-002,
       -7.4047878070528275e-002, 4.3870769128912974e-002,
       -3.9980418462234266e+000, 4.3821444177084160e+001,
       1.3742755723010763e-001, 3.2429179386202517e-002,
       -5.5039545306071302e-002, 1.5094761686757976e-001,
       -4.1821406907551006e+000, 4.3949640101804412e+001,
       1.0092093877503203e-001, 4.5882778321764073e-002,
       2.3120441534593781e-002, 6.1491283397282648e-001,
       -4.9728712407824496e+000, 4.4321961014900282e+001,
       6.0669895489078203e-002, 4.5518852964449366e-002,
       1.3388132984172285e-001, 1.2213431548361435e+000,
       -5.7450482012694186e+000, 4.4489398022978349e+001,
       4.3176764273914779e-002, 4.6677441719894588e-002,
       2.3605159953705895e-001, 1.8381032324995608e+000,
       -6.3414369491394043e+000, 4.4517837625960595e+001,
       4.4018646818791640e-002, 3.0103694220612359e-002,
       3.5825773590502835e-001, 2.4232338498401789e+000,
       -6.5897777135165798e+000, 4.4096493092041719e+001,
       3.2803281602145945e-003, 4.3055564585036911e-003,
       4.5979743970665937e-001, 2.8204136266650908e+000,
       -6.2062700144896112e+000, 4.3996087448390440e+001,
       1.5416118808660352e-002, -1.3391353974187689e-002,
       4.8154281827712503e-001, 2.7336936051111977e+000,
       -5.9258095878843147e+000, 4.3911638113458551e+001,
       1.2598634796360071e-002, 1.5338866832431191e-002,
       5.4221942541546619e-001, 2.9499899606153015e+000,
       -5.6812621071146516e+000, 4.4092480022298368e+001,
       -6.9831969855301327e-004, 1.4507157189177463e-002,
       6.1722970538756849e-001, 3.4427666588508998e+000,
       -5.8364147250959721e+000, 4.4128307867621871e+001,
       -6.1408823735884625e-003, -1.5466708738345531e-003,
       7.3685295401803463e-001, 4.0791494275963629e+000,
       -5.9501834928431334e+000, 4.4231179163237449e+001,
       -1.2909054259385967e-002, -2.4823703644186776e-002,
       8.7177067168096822e-001, 4.7040999542973090e+000,
       -5.7609351534706619e+000, 4.4286939119169510e+001,
       -1.2670589443501504e-002, -2.4438876923219777e-002,
       9.3053392947883240e-001, 4.9397441973136820e+000,
       -5.4239714286349887e+000, 4.4322776484490483e+001,
       -6.0130479550955648e-003, -1.5056559758697892e-002,
       9.3241649304199137e-001, 4.8708862160556663e+000,
       -5.3392207036591719e+000, 4.4271837014182104e+001,
       -2.2134762967684501e-002, -1.6026490097511312e-002,
       9.0633208143609711e-001, 4.7857340125928358e+000,
       -5.4417056789768896e+000, 4.4343654868106206e+001,
       -1.9743714204938336e-002, -1.6863580630087565e-002,
       7.7442146395915645e-001, 3.9788262504047047e+000,
       -5.7485344237658111e+000, 4.4120309122936376e+001,
       -2.5736908858079922e-002, 4.2352423305026801e-003,
       6.1440554472543807e-001, 3.0121078590146473e+000,
       -5.8900057270919870e+000, 4.3893315643316349e+001,
       -2.1499288661695298e-002, 2.7487505447045302e-002,
       4.7708533445559653e-001, 2.0137486329794188e+000,
       -5.7447012878837267e+000, 4.3819177316989823e+001,
       -3.3739715210085078e-002, 6.2250487110585097e-002,
       3.4529753990221101e-001, 1.1392522907224261e+000,
       -5.6183468239372436e+000, 4.3868629760840747e+001,
       -3.3763225304755305e-002, 1.0056647158424717e-001,
       1.8039532663006883e-001, 3.7593179254603440e-002,
       -5.4799119634568294e+000, 4.3822436636764479e+001,
       -2.7251293190823159e-002, 1.3648999948739843e-001,
       2.1403184432938951e-002, -1.0432334827823437e+000,
       -5.1648436090536860e+000, 4.3721441295922226e+001,
       -5.4329598826794497e-003, 1.4223348971625152e-001,
       -9.6462871914978793e-002, -1.7761593746137760e+000,
       -4.6560155854725274e+000, 4.3497377278535559e+001,
       1.2341511148106216e-002, 1.5700489538313389e-001,
       -1.8289026058913721e-001, -2.2800678502346354e+000,
       -4.1476472643539015e+000, 4.3376105021109495e+001,
       1.6476016475147525e-002, 1.5606814096213531e-001,
       -2.3820422121973947e-001, -2.5839922790982128e+000,
       -3.8771807104599869e+000, 4.3385940335074018e+001,
       1.2423279848055142e-002, 1.6121386087739981e-001,
       -2.8030942544423176e-001, -2.8596409307405830e+000,
       -3.7597522670536470e+000, 4.3466576094725397e+001,
       2.2566147716884068e-002, 1.2697265034291125e-001,
       -3.7966284818923490e-001, -3.3500055122564847e+000,
       -3.6447093020827377e+000, 4.3657991299726277e+001,
       3.7903086681430179e-002, 9.4533564119737581e-002,
       -4.9980526257355312e-001, -3.6972056082121751e+000,
       -3.2792012936932049e+000, 4.3840388586977866e+001,
       6.3128869528038811e-002, 6.9275010323066794e-002,
       -6.3400078228622914e-001, -4.0141028171394595e+000,
       -2.7171350228772360e+000, 4.3710320465578519e+001,
       5.0624964939073848e-002, 7.0451155270242843e-002,
       -7.4885588834089434e-001, -4.2974883722719248e+000,
       -2.1407976896841041e+000, 4.3534689181841415e+001,
       3.5782215618707065e-004, 1.3503494710784875e-001,
       -8.4236655505477764e-001, -4.5241425513283193e+000,
       -1.5766995400668657e+000, 4.3857276609703995e+001 ]
